2024-03-16
0.0009, 0.9938, 0.000080, 48, 5, 4, 5, 0.0391, relu
2024-03-21
0.0009, 0.9938, 0.000080, 48, 5, 4, 10, 0.0391, relu
2024-03-21
0.0009, 0.9938, 0.000080, 48, 5, 4, 10, 0.0391, relu
2024-03-21
0.0009, 0.9938, 0.000080, 48, 5, 4, 10, 0.0391, relu
2024-03-21
0.0009, 0.9938, 0.000080, 48, 5, 4, 10, 0.0391, relu
2024-03-21
0.0009, 0.9938, 0.000080, 48, 5, 4, 10, 0.0391, relu
2024-03-21
0.0009, 0.9938, 0.000080, 48, 5, 4, 50, 0.0391, relu
2024-03-21
0.0009, 0.9938, 0.000080, 48, 5, 4, 40, 0.0391, relu
2024-03-21
0.0009, 0.9938, 0.000080, 48, 5, 4, 20, 0.0391, relu
2024-03-21
0.0009, 0.9938, 0.000080, 48, 5, 4, 10, 0.0391, relu
2024-03-21
0.0009, 0.9938, 0.000080, 48, 5, 4, 10, 0.0391, relu
2024-03-21
0.0009, 0.9938, 0.000080, 48, 5, 4, 10, 0.0391, relu
2024-03-22
0.0009, 0.9938, 0.000080, 48, 5, 4, 40, 0.0391, relu
2024-03-22
0.0009, 0.9938, 0.000080, 48, 5, 4, 40, 0.0391, relu
2024-03-22
0.0009, 0.9938, 0.000080, 48, 5, 4, 40, 0.0391, relu
2024-03-22
0.0009, 0.9938, 0.000080, 48, 5, 3, 40, 0.0391, relu
2024-03-22
0.0009, 0.9938, 0.000080, 48, 5, 3, 100, 0.0391, relu
2024-03-22
0.0009, 0.9938, 0.000080, 48, 5, 3, 50, 0.0391, relu
2024-03-22
0.0009, 0.9938, 0.000080, 32, 5, 3, 50, 0.0391, relu
