2024-03-30 20:09
0.0009, 0.9938, 0.000080, 32, 5, 3, 300, 0.0391, relu

2024-03-30 20:10
0.0009, 0.9938, 0.000080, 32, 5, 3, 300, 0.0391, relu

2024-03-30 20:13
0.0009, 0.9938, 0.000080, 32, 5, 3, 300, 0.0391, relu

2024-03-30 20:14
0.0009, 0.9938, 0.000080, 32, 5, 3, 300, 0.0391, relu

2024-03-30 20:14
0.0009, 0.9938, 0.000080, 32, 5, 3, 300, 0.0391, relu

2024-03-31 00:13
0.0009, 0.9938, 0.000080, 32, 5, 3, 500, 0.0391, relu

2024-03-31 00:14
0.0009, 0.9938, 0.000080, 32, 5, 3, 500, 0.0391, relu

2024-03-31 00:15
0.0009, 0.9938, 0.000080, 32, 5, 3, 500, 0.0391, relu

2024-03-31 00:17
0.0009, 0.9938, 0.000080, 32, 5, 3, 500, 0.0391, relu

2024-03-31 13:05
0.0009, 0.9938, 0.000080, 32, 5, 3, 500, 0.0391, relu

2024-03-31 13:27
0.0009, 0.9938, 0.000080, 32, 5, 3, 500, 0.0391, relu

2024-03-31 13:29
0.0009, 0.9938, 0.000080, 32, 5, 3, 500, 0.0391, relu

2024-03-31 13:31
0.0009, 0.9938, 0.000080, 32, 5, 3, 500, 0.0391, relu

2024-03-31 13:32
0.0009, 0.9938, 0.000080, 32, 5, 3, 500, 0.0391, relu

2024-03-31 13:40
0.0009, 0.9938, 0.000080, 32, 5, 3, 500, 0.0391, relu

2024-03-31 13:51
0.0009, 0.9938, 0.000080, 32, 5, 3, 500, 0.0391, relu

{'epoch': 0, 'epoch_loss': 398.5289203822613, 'training time': 5659.556257724762, 'recall': array([0.57365442, 0.98477621, 0.98572975, 0.98686423, 0.98729613]), 'ndcg': array([0.99998583, 0.99027468, 0.98960941, 0.98991402, 0.99007299])}
2024-03-31 17:00
0.0009, 0.9938, 0.000080, 32, 5, 3, 500, 0.0391, relu

2024-03-31 17:54
0.0009, 0.9938, 0.000080, 32, 5, 3, 500, 0.0391, relu

2024-03-31 21:01
0.0009, 0.9938, 0.000080, 32, 5, 3, 500, 0.0391, relu

2024-03-31 21:16
0.0009, 0.9938, 0.000080, 32, 5, 3, 500, 0.0391, relu

2024-03-31 21:17
0.0009, 0.9938, 0.000080, 32, 5, 3, 500, 0.0391, relu

2024-03-31 21:20
0.0009, 0.9938, 0.000080, 32, 5, 3, 500, 0.0391, relu

2024-04-01 10:55
0.0009, 0.9938, 0.000080, 32, 5, 3, 500, 0.0391, relu

2024-04-01 10:56
0.0009, 0.9938, 0.000080, 32, 5, 3, 500, 0.0391, relu

2024-04-01 11:00
0.0009, 0.9938, 0.000080, 32, 5, 3, 500, 0.0391, relu

2024-04-01 11:08
0.0009, 0.9938, 0.000080, 32, 5, 3, 500, 0.0391, relu

2024-04-01 11:10
0.0009, 0.9938, 0.000080, 32, 5, 3, 500, 0.0391, relu

2024-04-01 11:11
0.0009, 0.9938, 0.000080, 32, 5, 3, 500, 0.0391, relu

2024-04-01 12:34
0.0009, 0.9938, 0.000080, 32, 5, 3, 500, 0.0391, relu

2024-04-01 13:06
0.0009, 0.9938, 0.000080, 32, 5, 3, 500, 0.0391, relu

2024-04-01 13:11
0.0009, 0.9938, 0.000080, 32, 5, 3, 500, 0.0391, relu

2024-04-01 13:20
0.0009, 0.9938, 0.000080, 48, 5, 3, 500, 0.0391, relu

2024-04-01 13:21
0.0009, 0.9938, 0.000080, 48, 5, 3, 500, 0.0391, relu

2024-04-01 16:41
0.0009, 0.9938, 0.000080, 48, 5, 3, 500, 0.0391, idd

2024-04-01 16:42
0.0009, 0.9938, 0.000080, 48, 5, 3, 500, 0.0391, idd

2024-04-01 16:50
0.0009, 0.9938, 0.000080, 48, 5, 3, 500, 0.0391, idd

