2024-03-29 14:04
0.0009, 0.9938, 0.000080, 32, 5, 3, 200, 0.0391, relu

2024-03-29 14:23
0.0009, 0.9938, 0.000080, 32, 5, 3, 200, 0.0391, relu

2024-03-29 14:53
0.0009, 0.9938, 0.000080, 32, 5, 3, 200, 0.0391, relu

2024-03-29 14:58
0.0009, 0.9938, 0.000080, 32, 5, 3, 200, 0.0391, relu

2024-03-29 15:01
0.0009, 0.9938, 0.000080, 32, 5, 3, 1024, 0.0391, relu

2024-03-29 15:01
0.0009, 0.9938, 0.000080, 32, 5, 3, 1024, 0.0391, relu

2024-03-29 15:13
0.0009, 0.9938, 0.000080, 32, 5, 3, 200, 0.0391, relu

2024-03-29 15:16
0.0009, 0.9938, 0.000080, 32, 5, 3, 100, 0.0391, relu

2024-03-29 15:21
0.0009, 0.9938, 0.000080, 32, 5, 3, 300, 0.0391, relu

2024-03-29 15:23
0.0009, 0.9938, 0.000080, 32, 5, 3, 200, 0.0391, relu

